1	1
----------------------------------------------------
0.00	0.00	0.00	0.00	11.00	0.00	20.00	11.00
----------------------------------------------------
0	0	0	0	0	0	0	0	0	
----------------------------------------------------
0.00	0.00	0.00	0.00	0.00
----------------------------------------------------
180.0000	0.3100	0.1700	0.2500	1.0000	

180.0000	0.3100	0.1700	0.0400	1.0000	

180.0000	0.3100	0.1700	0.0030	1.0000	

180.0000	0.3100	0.1700	0.2500	1.0000	
----------------------------------------------------
0	0.080	0.031	0.160
----------------------------------------------------
83.00	89.00	92.00	93.00	
67.00	78.00	85.00	89.00	
49.00	69.00	79.00	84.00	
39.00	60.00	73.00	79.00	
50.00	70.00	80.00	85.00	
----------------------------------------------------
89.00	92.00	94.00	95.00	
81.00	88.00	91.00	93.00	
81.00	88.00	91.00	93.00	
98.00	98.00	98.00	98.00	
77.00	85.00	90.00	92.00	
57.00	72.00	81.00	86.00	
67.00	78.00	85.00	89.00	
77.00	85.00	90.00	92.00	
49.00	69.00	79.00	84.00	
----------------------------------------------------
1.900	0.300	4.000	
8.100	2.000	12.300	
2.900	0.400	6.100	
12.200	3.000	18.500	
4.400	0.500	9.200	
18.300	4.000	24.600	
4.000	0.300	13.000	
0.200	0.100	0.500	
0.000	0.000	0.000	
----------------------------------------------------
1.500	0.063	0.000	
1.440	0.063	0.000	
1.440	0.063	0.000	
0.110	0.009	0.000	
6.000	0.007	0.000	
0.000	0.000	0.000	
----------------------------------------------------
0.00	15.00	10.00	10.00	10.00	10.00	30.00	5.00	5.00	5.00	100.00
----------------------------------------------------
0.00	0.00	0.00	0.00	0.00	
----------------------------------------------------
